# Joint fisher CMB T E + phi lensing used 
# lmax=4499 
#  lmin=50 
#  l_t_max=3000 
#  fsky=0.75 
#  lensed=False 
#  data_folder=varying_lambda/run2 
#  N_det=1000000 
# 
1.057256913938630968e+08 -1.065999875370778516e+07 -1.232218512674392223e+09 3.804544852394303083e+08 9.203768076269817352e+08 2.060832800329001993e+07 -4.854061199561069719e+06 -1.479051707757778466e+07 3.102081893764877692e+07
-1.065999875370778330e+07 1.209747283970837016e+06 9.493532797286881506e+07 -4.071509130602411926e+07 -8.910766872250977159e+07 -7.160418699372309493e+05 1.246184353397980303e+05 3.930177836469322792e+05 -3.120981278289469890e+06
-1.232218512674391985e+09 9.493532797286881506e+07 2.772501436335280228e+10 -4.582571227631418228e+09 -1.031551399363666344e+10 -6.241374867681293488e+08 1.384648540079966784e+08 4.552818147732290626e+08 -3.606493177915334702e+08
3.804544852394303083e+08 -4.071509130602411926e+07 -4.582571227631418228e+09 1.537603555656234980e+09 3.046545696755547047e+09 8.263207545810186863e+07 -1.548072297896957397e+07 -4.604105467379482090e+07 1.111002220068591535e+08
9.203768076269814968e+08 -8.910766872250977159e+07 -1.031551399363666344e+10 3.046545696755547047e+09 8.473061545297214508e+09 1.766246823949977756e+08 -4.833195388803791255e+07 -1.403817916618180573e+08 2.709564005391716957e+08
2.060832800329001993e+07 -7.160418699372307165e+05 -6.241374867681293488e+08 8.263207545810186863e+07 1.766246823949977458e+08 3.090166259527636319e+07 -6.999027603590249084e+06 -1.781287450924645364e+07 6.025818232805519365e+06
-4.854061199561069719e+06 1.246184353397979721e+05 1.384648540079966486e+08 -1.548072297896957770e+07 -4.833195388803791255e+07 -6.999027603590249084e+06 1.684063203070472227e+06 4.242946027721527964e+06 -1.432956811014721869e+06
-1.479051707757778838e+07 3.930177836469323374e+05 4.552818147732291818e+08 -4.604105467379481345e+07 -1.403817916618180871e+08 -1.781287450924645364e+07 4.242946027721527964e+06 1.261858417533960752e+07 -4.352788979719173163e+06
3.102081893764878064e+07 -3.120981278289469425e+06 -3.606493177915334105e+08 1.111002220068591684e+08 2.709564005391717553e+08 6.025818232805519365e+06 -1.432956811014721869e+06 -4.352788979719173163e+06 9.103699764772042632e+06
